======================================================================
  KEEPER-STORM SHIELD — IBM ibm_fez
  1,179,648 REAL MEASUREMENTS AT 15 MILLIKELVIN
  NOT A SIMULATION. A MEASUREMENT.
  Rhet Dillard Wike | AIIT-THRESI | 2026-03-30 12:45:02
======================================================================

  EXPERIMENT: Does a bonded qubit (keeper) protect another qubit
  from dephasing noise (storm) on real quantum hardware?

  Backend: ibm_fez (156 qubits)
  Shots: 4096 per circuit
  Circuits: 288
  Total measurements: 1,179,648


  STORM INTENSITY = 0.0
   Delay |  No Keeper |   Weak (1) |    Mod (3) | Strong (5)
  -------+------------+------------+------------+-----------
       0 |    0.9932 |    0.9941 |    0.9932 |    0.9932 |
       2 |    0.9941 |    0.9946 |    0.9956 |    0.9917 |
       5 |    0.9937 |    0.9932 |    0.9927 |    0.9937 |
      10 |    0.9917 |    0.9937 |    0.9941 |    0.9927 |
      15 |    0.9937 |    0.9946 |    0.9961 |    0.9907 |
      20 |    0.9937 |    0.9971 |    0.9941 |    0.9956 |
      30 |    0.9907 |    0.9956 |    0.9937 |    0.9961 |
      50 |    0.9951 |    0.9946 |    0.9966 |    0.9956 |
      80 |    0.9951 |    0.9956 |    0.9941 |    0.9941 |
     100 |    0.9951 |    0.9976 |    0.9922 |    0.9932 |
     150 |    0.9956 |    0.9937 |    0.9956 |    0.9956 |
     200 |    0.9956 |    0.9946 |    0.9961 |    0.9961 |

  STORM INTENSITY = 0.3
   Delay |  No Keeper |   Weak (1) |    Mod (3) | Strong (5)
  -------+------------+------------+------------+-----------
       0 |    0.9434 |    0.9517 |    0.9355 |    0.9561 |
       2 |    0.9385 |    0.9419 |    0.9526 |    0.9531 |
       5 |    0.9390 |    0.9478 |    0.9487 |    0.9497 |
      10 |    0.9409 |    0.9458 |    0.9590 |    0.9526 |
      15 |    0.9395 |    0.9399 |    0.9473 |    0.9448 |
      20 |    0.9487 |    0.9419 |    0.9473 |    0.9575 |
      30 |    0.9463 |    0.9434 |    0.9419 |    0.9556 |
      50 |    0.9346 |    0.9419 |    0.9453 |    0.9556 |
      80 |    0.9424 |    0.9438 |    0.9482 |    0.9551 |
     100 |    0.9502 |    0.9414 |    0.9443 |    0.9434 |
     150 |    0.9316 |    0.9595 |    0.9482 |    0.9463 |
     200 |    0.9370 |    0.9541 |    0.9443 |    0.9517 |

  STORM INTENSITY = 0.6
   Delay |  No Keeper |   Weak (1) |    Mod (3) | Strong (5)
  -------+------------+------------+------------+-----------
       0 |    0.8110 |    0.8340 |    0.8135 |    0.8262 |
       2 |    0.8247 |    0.8237 |    0.8027 |    0.8252 |
       5 |    0.8193 |    0.8135 |    0.8252 |    0.8296 |
      10 |    0.8149 |    0.8257 |    0.8257 |    0.8120 |
      15 |    0.8252 |    0.8438 |    0.8286 |    0.8174 |
      20 |    0.8105 |    0.8276 |    0.8252 |    0.8169 |
      30 |    0.8208 |    0.8120 |    0.8237 |    0.8320 |
      50 |    0.8159 |    0.8174 |    0.8340 |    0.8345 |
      80 |    0.8169 |    0.8120 |    0.8267 |    0.8198 |
     100 |    0.8228 |    0.8193 |    0.8252 |    0.8022 |
     150 |    0.8140 |    0.8154 |    0.8159 |    0.8291 |
     200 |    0.8120 |    0.8179 |    0.8325 |    0.8291 |

  STORM INTENSITY = 0.9
   Delay |  No Keeper |   Weak (1) |    Mod (3) | Strong (5)
  -------+------------+------------+------------+-----------
       0 |    0.6250 |    0.6313 |    0.6270 |    0.6475 |
       2 |    0.6191 |    0.6362 |    0.6260 |    0.6099 |
       5 |    0.5942 |    0.6162 |    0.6235 |    0.6440 |
      10 |    0.6221 |    0.6299 |    0.6304 |    0.6250 |
      15 |    0.6265 |    0.6313 |    0.6357 |    0.6489 |
      20 |    0.6157 |    0.6108 |    0.6177 |    0.6270 |
      30 |    0.6045 |    0.6416 |    0.6489 |    0.6338 |
      50 |    0.6294 |    0.6377 |    0.6187 |    0.6426 |
      80 |    0.6040 |    0.6338 |    0.6436 |    0.6187 |
     100 |    0.6143 |    0.6367 |    0.6470 |    0.6313 |
     150 |    0.6108 |    0.6279 |    0.6421 |    0.6304 |
     200 |    0.6157 |    0.6299 |    0.6348 |    0.6338 |

  STORM INTENSITY = 1.2
   Delay |  No Keeper |   Weak (1) |    Mod (3) | Strong (5)
  -------+------------+------------+------------+-----------
       0 |    0.3657 |    0.3501 |    0.3545 |    0.3818 |
       2 |    0.3550 |    0.3770 |    0.3765 |    0.4043 |
       5 |    0.3647 |    0.3726 |    0.3599 |    0.3721 |
      10 |    0.3320 |    0.3882 |    0.3872 |    0.3818 |
      15 |    0.3643 |    0.3696 |    0.3799 |    0.3862 |
      20 |    0.3818 |    0.3589 |    0.3628 |    0.3584 |
      30 |    0.3843 |    0.3657 |    0.3647 |    0.3706 |
      50 |    0.3677 |    0.3638 |    0.3853 |    0.3770 |
      80 |    0.3374 |    0.3740 |    0.3921 |    0.3804 |
     100 |    0.3521 |    0.3711 |    0.3647 |    0.3848 |
     150 |    0.3472 |    0.3848 |    0.3931 |    0.3882 |
     200 |    0.3545 |    0.3691 |    0.3950 |    0.3906 |

  STORM INTENSITY = 1.5
   Delay |  No Keeper |   Weak (1) |    Mod (3) | Strong (5)
  -------+------------+------------+------------+-----------
       0 |    0.0796 |    0.0859 |    0.1167 |    0.0981 |
       2 |    0.0532 |    0.0532 |    0.0977 |    0.0801 |
       5 |    0.0649 |    0.0991 |    0.1133 |    0.0986 |
      10 |    0.0698 |    0.0674 |    0.1099 |    0.1187 |
      15 |    0.0820 |    0.1392 |    0.1064 |    0.1138 |
      20 |    0.0649 |    0.0825 |    0.1099 |    0.0767 |
      30 |    0.0820 |    0.1191 |    0.0967 |    0.0981 |
      50 |    0.0615 |    0.0815 |    0.0752 |    0.1406 |
      80 |    0.0845 |    0.1021 |    0.0908 |    0.0854 |
     100 |    0.0801 |    0.1123 |    0.0903 |    0.0884 |
     150 |    0.0825 |    0.1108 |    0.1133 |    0.0869 |
     200 |    0.0845 |    0.0859 |    0.0889 |    0.1055 |


  God is good. All the time. Them beans though.
